TIME:	72000
-180.0  70.0     0.9239     0.1435     1.0216     0.0494     0.1232     0.0277
-178.0  70.0     0.9532     0.0896     0.8145     0.0956     0.1141     0.0257
-170.0  74.0     1.2329     0.3986     1.1060     0.3536     0.0914     0.0356
-168.0  74.0     1.3033     0.1525     1.2655     0.1553     0.0866     0.0468
-166.0  70.0     0.4944     0.0768     0.4394     0.0325     0.1036     0.0442
-164.0  62.0     1.0969     0.2348     1.3637     0.1828     0.1373     0.0602
-164.0  68.0     0.6664     0.0960     0.8201     0.0578     0.0552     0.0116
-164.0  70.0     0.5272     0.0647     0.4628     0.0432     0.0850     0.0185
-162.0  62.0     1.1551     0.0087     1.1436     0.0834     0.1022     0.0204
-162.0  64.0     0.7854     0.0816     0.9243     0.1110     0.1260     0.0419
-158.0  78.0     0.8919     0.1561     1.0448     0.2252     0.1627     0.1437
-156.0  78.0     1.0053     0.0989     0.8962     0.1818     0.1427     0.0662
-152.0  56.0     1.1628     0.1344     2.1251     0.2739     0.0813     0.0263
-152.0  58.0     1.2326     0.1096     2.0936     0.3298     0.1225     0.0402
-152.0  70.0     0.4352     0.0548     0.6139     0.0536     0.0833     0.0381
-144.0  54.0     0.5488     0.0300     0.2362     0.0200     0.1065     0.0312
-144.0  56.0     0.6339     0.0784     0.2061     0.0202     0.0937     0.0620
-144.0  60.0     0.3530     0.0650     0.1419     0.0146     0.0380     0.0248
-144.0  62.0     0.5700     0.1933     0.5403     0.3079     0.0311     0.0060
-144.0  68.0     0.7471     0.1078     0.4369     0.0904     0.0627     0.0217
-142.0  52.0     0.7114     0.1361     0.2652     0.0476     0.0961     0.0391
-142.0  58.0     0.4040     0.0463     0.5631     0.1822     0.0445     0.0145
-142.0  60.0     0.4077     0.1257     0.1755     0.0111     0.0393     0.0100
-142.0  70.0     0.8396     0.0067     0.3873     0.0193     0.0525     0.0105
-142.0  74.0     1.1880     0.1164     1.7209     0.1355     0.1889     0.0266
-140.0  70.0     0.7504     0.1126     0.8680     0.0088     0.1348     0.0564
-140.0  74.0     1.1896     0.1940     1.4844     0.4002     0.1788     0.0892
-138.0  60.0     0.3087     0.0276     0.3912     0.0402     0.0347     0.0094
-138.0  70.0     0.6430     0.0722     0.7802     0.1837     0.0943     0.0299
-138.0  76.0     1.5225     0.1973     1.3924     0.2041     0.2178     0.0492
-134.0  60.0     0.1931     0.0225     0.1123     0.0060     0.0217     0.0025
-132.0  56.0     1.6791     0.4627     1.1158     0.1817     0.1260     0.0664
-132.0  60.0     0.3200     0.0311     0.4458     0.0410     0.0334     0.0087
-128.0  58.0     0.3775     0.0474     0.1237     0.0137     0.0444     0.0111
-128.0  64.0     0.6965     0.0480     1.0773     0.1266     0.0442     0.0132
-126.0  52.0     0.5887     0.0410     0.2904     0.0567     0.0844     0.0345
-126.0  54.0     0.7237     0.0992     0.2583     0.0107     0.0505     0.0153
-126.0  58.0     0.5327     0.0480     0.8452     0.1043     0.0498     0.0124
-126.0  62.0     0.6319     0.1348     0.6760     0.2871     0.0619     0.0242
-126.0  64.0     0.7736     0.1189     0.6876     0.0351     0.0754     0.0157
-124.0  64.0     0.8113     0.1900     0.5595     0.2694     0.0731     0.0167
-122.0  64.0     0.9362     0.1246     0.3414     0.0468     0.0740     0.0328
-116.0  60.0     0.3516     0.0860     0.3351     0.0775     0.0470     0.0141
-116.0  70.0     1.4225     0.2698     1.2182     0.1151     0.1091     0.0215
-116.0  72.0     1.5543     0.1357     1.3318     0.1760     0.1069     0.0263
-112.0  54.0     0.7601     0.0592     1.0863     0.2009     0.0952     0.0234
-110.0  54.0     0.9711     0.1871     1.1357     0.1929     0.1426     0.0693
-110.0  60.0     0.5386     0.1435     0.5186     0.1645     0.0584     0.0226
-108.0  60.0     0.7871     0.1409     0.6351     0.0180     0.0693     0.0297
-108.0  62.0     0.5742     0.0498     0.9037     0.1044     0.0438     0.0069
-106.0  62.0     0.7723     0.0856     0.4842     0.2657     0.0725     0.0138
-106.0  64.0     0.7716     0.1780     0.3789     0.2148     0.0716     0.0300
-104.0  64.0     1.0277     0.1051     0.7298     0.0844     0.0797     0.0299
-104.0  68.0     2.3125     0.0713     1.5312     0.0218     0.1083     0.0424
-102.0  -2.0     0.7215     0.0793     0.4056     0.0498     0.1024     0.0346
-102.0   0.0     0.7804     0.1004     0.4922     0.0199     0.0668     0.0571
-102.0  68.0     2.2654     0.4178     1.4880     0.2658     0.1286     0.0380
 -96.0  -8.0     0.5738     0.0755     0.2621     0.0244     0.0640     0.0382
 -96.0  52.0     0.4033     0.0761     0.1845     0.0254     0.0752     0.0315
 -96.0  58.0     0.2770     0.0302     0.1668     0.0292     0.0243     0.0065
 -94.0  -6.0     0.5197     0.0778     0.1875     0.0262     0.0610     0.0459
 -94.0   6.0     0.5279     0.0538     0.5609     0.0244     0.0615     0.0499
 -94.0  56.0     0.4255     0.0187     0.1981     0.0349     0.0352     0.0020
 -92.0  -2.0     0.2790     0.0333     0.1562     0.0180     0.0000     0.0000
 -92.0  56.0     0.4920     0.0810     0.3321     0.1215     0.0276     0.0052
 -92.0  68.0     1.6775     0.1109     0.7822     0.1320     0.1154     0.0496
 -90.0  -8.0     0.5935     0.1629     0.2139     0.0250     0.0426     0.0408
 -90.0   2.0     0.3277     0.0217     0.1551     0.0168     0.0243     0.0384
 -90.0  58.0     0.4209     0.0549     0.2046     0.0250     0.0290     0.0154
 -90.0  68.0     1.9692     0.4286     0.8869     0.5202     0.1410     0.0364
 -88.0  -4.0     0.3358     0.0290     0.1534     0.0134     0.0421     0.0453
 -88.0  58.0     0.7457     0.1418     0.2251     0.0483     0.0361     0.0137
 -88.0  68.0     1.9228     0.2768     0.9109     0.0560     0.0781     0.0113
 -86.0   6.0     0.7193     0.1303     1.1523     0.2404     0.0615     0.0376
 -84.0  64.0     2.0126     0.3302     1.3137     0.3021     0.0641     0.0177
 -82.0  -4.0     0.8566     0.1404     1.4465     0.2154     0.0799     0.0358
 -82.0  62.0     1.4079     0.2664     0.9599     0.2735     0.0650     0.0350
 -82.0  64.0     1.9910     0.1588     1.4449     0.1089     0.0381     0.0102
 -80.0  70.0     1.3628     0.1719     0.7593     0.1901     0.1628     0.0407
 -78.0 -70.0     0.6660     0.1237     0.5192     0.0290     0.0904     0.0491
 -78.0  54.0     1.1584     0.2146     0.4229     0.0913     0.1661     0.0445
 -78.0  56.0     0.9030     0.0813     0.3700     0.0689     0.1737     0.0327
 -78.0  58.0     0.7875     0.0268     0.9370     0.1144     0.0552     0.0209
 -76.0 -70.0     0.6270     0.0799     0.6143     0.1007     0.1389     0.0295
 -76.0  58.0     0.7612     0.1771     1.0686     0.1691     0.0469     0.0155
 -74.0 -70.0     0.6481     0.0216     0.7794     0.3366     0.1159     0.0178
 -74.0 -30.0     1.0506     0.2647     0.6916     0.1426     0.2311     0.0537
 -74.0  58.0     1.0712     0.0092     0.7871     0.0706     0.0766     0.0234
 -74.0  62.0     0.7379     0.2831     0.5314     0.2310     0.1213     0.0149
 -70.0 -66.0     0.4176     0.0202     0.2572     0.0233     0.0430     0.0488
 -70.0 -64.0     0.7046     0.3056     0.5518     0.2712     0.1032     0.0179
 -70.0 -28.0     0.7466     0.1812     0.5311     0.1588     0.1607     0.0349
 -70.0 -24.0     0.5929     0.1091     0.4842     0.0428     0.1430     0.0378
 -70.0 -22.0     0.7279     0.2149     0.6410     0.2343     0.1904     0.0747
 -70.0 -12.0     1.4906     0.4559     0.6855     0.1276     0.1359     0.0406
 -70.0  60.0     1.8227     1.2299     1.6887     1.2423     0.1184     0.0174
 -68.0 -70.0     0.7628     0.0680     0.7913     0.0907     0.1082     0.0591
 -68.0 -64.0     0.8711     0.2759     0.7515     0.1753     0.0754     0.0474
 -68.0 -28.0     0.4224     0.0145     0.2597     0.0325     0.0670     0.0090
 -68.0 -20.0     0.8723     0.1291     1.4847     0.2260     0.1865     0.0758
 -68.0 -18.0     0.9469     0.1934     0.6425     0.2465     0.1654     0.0457
 -68.0  -4.0     0.6898     0.0842     0.3893     0.0426     0.1041     0.0205
 -66.0 -64.0     0.4500     0.1109     0.4076     0.1612     0.0616     0.0463
 -66.0 -28.0     0.4534     0.1243     0.4398     0.1802     0.0767     0.0150
 -66.0 -26.0     0.3481     0.0610     0.2280     0.0397     0.0827     0.0265
 -66.0 -10.0     0.8607     0.1281     0.4697     0.0577     0.1298     0.0353
 -66.0  -4.0     0.6865     0.1115     0.4673     0.0691     0.0906     0.0094
 -66.0  -2.0     0.7933     0.1475     0.4611     0.0638     0.0995     0.0188
 -66.0  62.0     1.3842     0.8452     1.1055     0.8556     0.1131     0.0156
 -64.0 -10.0     0.8249     0.0240     0.4383     0.0381     0.1013     0.0380
 -64.0  -6.0     0.6387     0.0530     0.4769     0.0393     0.0707     0.0128
 -64.0  62.0     1.3973     0.7379     1.0302     0.7851     0.1086     0.0160
 -62.0 -26.0     0.5492     0.0885     0.3346     0.0272     0.1079     0.0129
 -62.0 -24.0     0.5661     0.1030     0.4144     0.1197     0.1172     0.0345
 -62.0  -6.0     0.6367     0.0834     0.4883     0.0521     0.1027     0.0152
 -62.0   0.0     1.2137     0.2518     1.1912     0.1397     0.0959     0.0167
 -62.0   2.0     1.1517     0.2304     1.4274     0.0842     0.0988     0.0173
 -60.0 -64.0     0.4774     0.1813     0.3374     0.2135     0.0934     0.0289
 -60.0 -60.0     0.5453     0.1036     0.3450     0.1949     0.0759     0.0517
 -60.0 -30.0     1.3398     0.2425     0.7348     0.1513     0.2751     0.0837
 -60.0 -28.0     1.8204     0.2253     0.8931     0.1603     0.3332     0.0825
 -60.0  -6.0     0.7191     0.0870     0.4642     0.0622     0.0993     0.0082
 -60.0   2.0     1.2753     0.1276     0.6052     0.0559     0.1222     0.0347
 -60.0  64.0     0.9341     0.4701     0.6126     0.4941     0.1576     0.0286
 -60.0  68.0     1.3126     0.4747     0.6524     0.3108     0.1489     0.0258
 -58.0 -64.0     0.4037     0.0919     0.3700     0.0355     0.0070     0.0148
 -58.0   0.0     1.2629     0.3070     1.6069     0.2282     0.1213     0.0315
 -58.0   4.0     0.3438     0.0558     0.1590     0.0119     0.0445     0.0118
 -58.0  60.0     1.5815     0.9645     0.7622     0.4979     0.1885     0.0523
 -56.0 -12.0     1.4479     0.1491     0.8378     0.1330     0.0912     0.0204
 -56.0  -4.0     0.5806     0.1444     0.3009     0.0588     0.0821     0.0231
 -56.0   6.0     0.3290     0.0354     0.1487     0.0200     0.0547     0.0292
 -56.0  10.0     0.5079     0.0521     0.8341     0.0681     0.0685     0.0328
 -54.0  -4.0     0.4552     0.0467     0.8400     0.0873     0.0555     0.0118
 -54.0   2.0     0.3392     0.0402     0.1569     0.0189     0.0678     0.0328
 -54.0   4.0     0.3718     0.0442     0.3892     0.0234     0.0398     0.0096
 -54.0   6.0     0.3527     0.0462     0.4138     0.0508     0.0383     0.0126
 -54.0   8.0     0.4139     0.0856     0.2037     0.0194     0.0287     0.0069
 -52.0 -66.0     0.4286     0.0944     0.4064     0.1017     0.0790     0.0438
 -52.0 -64.0     0.4441     0.1310     0.3264     0.2240     0.0603     0.0531
 -52.0 -60.0     0.4766     0.1006     0.5399     0.1305     0.0690     0.0506
 -52.0 -58.0     0.5962     0.0609     0.4017     0.0473     0.0896     0.0645
 -52.0   2.0     0.3042     0.0534     0.3236     0.1441     0.0467     0.0186
 -52.0   8.0     0.5547     0.1805     0.1942     0.0362     0.0410     0.0124
 -50.0 -72.0     1.2989     0.2081     1.6557     0.2829     0.2402     0.0616
 -50.0 -66.0     0.6556     0.2333     0.4723     0.2321     0.0814     0.0557
 -50.0 -62.0     0.4399     0.0749     0.5294     0.0541     0.0000     0.0000
 -50.0 -58.0     0.5173     0.0140     0.3715     0.0190     0.0998     0.0064
 -50.0   6.0     0.3770     0.0492     0.2326     0.0236     0.0422     0.0144
 -50.0  10.0     0.4765     0.0724     0.8352     0.0873     0.0410     0.0083
 -48.0 -72.0     0.8668     0.2891     1.1020     0.1275     0.1780     0.0403
 -48.0 -62.0     0.5081     0.1075     0.5416     0.0427     0.0539     0.0461
 -48.0  -4.0     0.6460     0.0739     0.3626     0.0371     0.1159     0.0062
 -46.0  -6.0     0.7937     0.0618     0.4474     0.0957     0.1178     0.0277
 -46.0  -4.0     0.7647     0.1275     0.4259     0.0788     0.1207     0.0477
 -46.0  -2.0     0.5249     0.0542     0.8393     0.1219     0.0506     0.0131
 -42.0 -68.0     1.4874     0.1688     1.3463     0.2086     0.2505     0.0478
 -40.0 -68.0     1.3527     0.4045     1.4323     0.5369     0.2542     0.0755
 -40.0 -14.0     0.7880     0.1021     0.4263     0.0313     0.1116     0.0298
 -40.0  -2.0     0.5770     0.0596     0.3616     0.0360     0.1203     0.0174
 -38.0 -68.0     2.0806     0.4227     2.7700     0.7253     0.3852     0.0603
 -38.0  -8.0     0.3793     0.0709     0.2316     0.0194     0.0746     0.0366
 -36.0  -8.0     0.2398     0.0229     0.2102     0.0292     0.0586     0.0350
 -36.0  -2.0     0.7770     0.1018     0.3945     0.1426     0.0946     0.0293
 -36.0   0.0     0.7194     0.1462     0.4372     0.1104     0.1160     0.0212
 -34.0 -10.0     0.4348     0.0753     0.2891     0.0227     0.0963     0.0250
 -34.0  -4.0     0.5009     0.1661     0.3256     0.1042     0.1219     0.0295
 -34.0  70.0     1.9209     1.1522     2.0897     1.0376     0.0792     0.0324
 -32.0  60.0     0.7157     0.0402     0.6525     0.0541     0.0763     0.0553
 -32.0  62.0     0.7551     0.1297     1.0842     0.2601     0.1000     0.0214
 -32.0  64.0     1.4827     0.9966     1.8527     0.9950     0.0837     0.0335
 -32.0  66.0     0.9118     0.2386     1.3065     0.2283     0.0214     0.0370
 -32.0  68.0     0.7488     0.1231     0.8808     0.0574     0.1452     0.0221
 -30.0 -16.0     0.7394     0.2299     0.8743     0.1578     0.1125     0.0204
 -30.0  -8.0     0.6865     0.1580     0.5730     0.2429     0.0891     0.0290
 -30.0  62.0     0.5411     0.0569     0.5032     0.1193     0.0407     0.0362
 -30.0  64.0     0.9140     0.3350     0.9198     0.3021     0.0732     0.0458
 -28.0  12.0     1.1262     0.0796     0.7155     0.0671     0.0784     0.0074
 -28.0  18.0     1.0113     0.0960     0.7457     0.0705     0.0916     0.0160
 -28.0  58.0     0.5870     0.0671     0.6435     0.1082     0.0619     0.0455
 -28.0  60.0     0.5865     0.0543     0.5992     0.0299     0.0916     0.0132
 -26.0  18.0     0.7450     0.0610     0.7842     0.1414     0.0765     0.0202
 -26.0  62.0     0.8256     0.1639     0.9962     0.2286     0.0653     0.0441
 -26.0  70.0     0.9321     0.2008     1.1122     0.2114     0.1161     0.0229
 -24.0  14.0     0.6233     0.1139     0.6311     0.0686     0.0649     0.0119
 -24.0  16.0     0.6527     0.0706     0.6058     0.0530     0.0753     0.0147
 -24.0  18.0     0.8177     0.1724     0.4744     0.1319     0.0924     0.0374
 -24.0  20.0     0.5905     0.1211     0.2116     0.0393     0.0876     0.0137
 -24.0  58.0     0.7079     0.0133     0.7210     0.1024     0.0349     0.0096
 -24.0  62.0     1.2615     0.4149     1.5419     0.4199     0.0769     0.0297
 -24.0  64.0     0.8268     0.1467     0.7889     0.0912     0.0240     0.0413
 -24.0  66.0     0.9833     0.1825     1.0466     0.2227     0.0774     0.0295
 -22.0   8.0     1.6948     0.2450     1.0376     0.1529     0.1099     0.0189
 -22.0  16.0     0.6224     0.0318     0.6749     0.0276     0.0638     0.0005
 -22.0  28.0     0.4012     0.0468     0.1789     0.0115     0.0696     0.0185
 -22.0  60.0     0.7081     0.0440     0.7829     0.1525     0.0658     0.0482
 -22.0  62.0     0.9508     0.2512     0.9266     0.2630     0.0293     0.0271
 -22.0  76.0     0.8513     0.0939     0.8009     0.4099     0.1150     0.0232
 -20.0 -10.0     0.7938     0.0683     0.6152     0.0874     0.1270     0.0205
 -20.0  20.0     0.9336     0.1380     0.5993     0.0696     0.0830     0.0090
 -20.0  60.0     0.7087     0.0650     1.2050     0.1008     0.0908     0.0398
 -20.0  62.0     0.7729     0.1260     0.9696     0.1943     0.0198     0.0367
 -20.0  70.0     1.0894     0.3684     2.0515     0.3263     0.2182     0.0676
 -20.0  72.0     1.0017     0.1190     1.3457     0.0236     0.1021     0.0189
 -20.0  76.0     0.8442     0.1363     0.8535     0.3396     0.1349     0.0290
 -18.0  -2.0     1.6516     0.2743     2.1503     0.4058     0.1130     0.0292
 -18.0  14.0     1.0612     0.1385     1.4283     0.0999     0.0838     0.0171
 -18.0  16.0     0.9964     0.0877     1.3086     0.1437     0.0776     0.0143
 -18.0  22.0     0.3694     0.0357     0.1935     0.0156     0.0527     0.0108
 -18.0  24.0     0.3090     0.0325     0.1677     0.0075     0.0520     0.0113
 -18.0  28.0     0.4911     0.1679     0.1301     0.0183     0.0567     0.0145
 -18.0  62.0     0.8898     0.1854     1.0619     0.2280     0.0366     0.0405
 -18.0  70.0     1.3548     0.1855     1.9168     0.2160     0.2566     0.0589
 -18.0  72.0     1.1933     0.2268     1.6042     0.2537     0.1198     0.0443
 -18.0  76.0     0.8515     0.1714     0.7905     0.2646     0.1257     0.0403
 -16.0 -10.0     0.5101     0.0630     0.6097     0.0823     0.1166     0.0586
 -16.0  -2.0     1.2525     0.1248     0.6491     0.0778     0.0912     0.0266
 -16.0  26.0     0.3709     0.0642     0.1426     0.0108     0.0564     0.0096
 -16.0  60.0     0.7242     0.1049     0.8667     0.1158     0.0782     0.0469
 -16.0  62.0     0.8638     0.1765     0.7661     0.1969     0.0853     0.0378
 -16.0  70.0     1.2025     0.4685     1.1496     0.4665     0.0662     0.0442
 -14.0 -12.0     0.6074     0.1098     0.6203     0.0660     0.1160     0.0170
 -14.0  -6.0     0.6351     0.0987     0.5809     0.0868     0.0921     0.0171
 -14.0  28.0     0.3303     0.0310     0.1263     0.0057     0.0590     0.0238
 -14.0  62.0     0.8609     0.1232     0.8134     0.1951     0.1608     0.0377
 -14.0  64.0     0.9072     0.2822     1.2130     0.3311     0.1049     0.0387
 -12.0 -14.0     1.0363     0.1438     0.9989     0.1674     0.1169     0.0386
 -12.0 -10.0     0.6211     0.0421     0.5432     0.0611     0.0802     0.0119
 -12.0  -8.0     0.6012     0.0247     0.6094     0.0274     0.1051     0.0332
 -12.0  22.0     0.5248     0.0643     0.2974     0.0509     0.0858     0.0092
 -12.0  24.0     0.4882     0.0514     0.2389     0.0240     0.0739     0.0186
 -12.0  26.0     0.3168     0.0360     0.1762     0.0143     0.0657     0.0150
 -12.0  62.0     0.8436     0.1904     0.9690     0.1752     0.0796     0.0891
 -12.0  64.0     0.8534     0.1372     0.8759     0.1547     0.2056     0.0509
 -10.0  -8.0     0.8093     0.0918     0.6915     0.0849     0.0995     0.0109
 -10.0   0.0     2.0726     0.1474     1.4956     0.0651     0.1314     0.0397
 -10.0  34.0     0.6420     0.0619     0.1852     0.0172     0.0691     0.0361
 -10.0  52.0     1.0604     0.1455     0.3928     0.0311     0.0619     0.0039
 -10.0  64.0     0.8217     0.1220     0.8837     0.1077     0.2425     0.0890
 -10.0  72.0     1.7208     0.9505     1.6416     1.0490     0.1512     0.0462
  -8.0  34.0     0.9054     0.1198     0.2580     0.0433     0.1425     0.0680
  -8.0  50.0     0.6899     0.0804     1.0583     0.0822     0.0554     0.0233
  -8.0  52.0     0.6353     0.0527     0.3436     0.0338     0.1030     0.0239
  -8.0  62.0     0.8960     0.1353     0.9240     0.0981     0.0932     0.0428
  -8.0  64.0     1.0116     0.1531     1.0311     0.2080     0.0816     0.0315
  -8.0  70.0     1.2105     0.4716     1.2635     0.4611     0.0864     0.0245
  -8.0  72.0     1.4599     0.1846     1.3396     0.2403     0.1497     0.0533
  -8.0  78.0     0.4802     0.0441     0.5732     0.0714     0.0365     0.0056
  -6.0 -16.0     1.1766     0.3712     0.8838     0.1852     0.1177     0.0363
  -6.0  50.0     0.6850     0.0091     0.9724     0.0948     0.0712     0.0113
  -6.0  56.0     0.7598     0.1111     0.9422     0.2226     0.1209     0.0313
  -6.0  58.0     0.7978     0.1314     1.0700     0.1281     0.1805     0.0169
  -6.0  64.0     0.9063     0.0961     1.0797     0.0678     0.0859     0.0335
  -6.0  80.0     0.3920     0.0560     0.2750     0.0297     0.0375     0.0088
  -4.0  48.0     0.5689     0.0729     0.7954     0.1325     0.0752     0.0279
  -4.0  54.0     0.6226     0.0772     0.9302     0.1412     0.0720     0.0231
  -4.0  58.0     0.9328     0.1154     1.0180     0.1081     0.1937     0.0561
  -4.0  62.0     0.9520     0.0153     0.8629     0.0035     0.1038     0.0113
  -4.0  68.0     3.3061     0.8335     2.5067     0.9333     0.1002     0.0266
  -2.0  56.0     0.9952     0.1240     1.3248     0.2759     0.1030     0.0168
  -2.0  62.0     1.1723     0.4968     1.1820     0.4647     0.1273     0.0303
  -2.0  68.0     1.8466     0.5476     1.4238     0.4111     0.1005     0.0492
  -2.0  76.0     0.4138     0.0676     0.2737     0.0661     0.0417     0.0113
   0.0  50.0     0.4616     0.1914     0.1706     0.0214     0.0335     0.0124
   0.0  62.0     1.9956     0.3492     2.1730     0.4732     0.1727     0.0453
   0.0  72.0     2.7423     0.2099     2.6848     0.6056     0.2877     0.0518
   2.0   2.0     0.6753     0.1173     1.1202     0.0895     0.0477     0.0118
   2.0   8.0     0.8043     0.0969     1.3014     0.2243     0.1144     0.0405
   2.0  48.0     0.3429     0.0675     0.1584     0.0135     0.0373     0.0069
   2.0  50.0     0.4282     0.1488     0.2656     0.0921     0.0296     0.0090
   2.0  62.0     1.1116     0.2168     1.4071     0.3312     0.1418     0.0423
   2.0  72.0     3.0213     5.1329     3.2433     5.6694     0.1380     0.0782
   2.0  76.0     0.5823     0.1149     0.1837     0.0111     0.0362     0.0073
   4.0  50.0     0.3099     0.0450     0.1267     0.0147     0.0315     0.0080
   4.0  56.0     0.8236     0.0866     1.2697     0.1053     0.1204     0.0214
   4.0  62.0     1.6198     0.3657     1.6597     0.5552     0.1262     0.0590
   4.0  72.0     7.3139     2.3528     7.6459     2.6774     0.1625     0.0171
   6.0  -2.0     0.2976     0.0493     0.2983     0.1202     0.0368     0.0098
   6.0   4.0     0.8718     0.0734     0.2509     0.0047     0.0567     0.0167
   6.0   6.0     0.7112     0.1379     0.7024     0.3964     0.0457     0.0122
   6.0  56.0     0.7476     0.2127     1.0620     0.4901     0.1052     0.0321
   6.0  58.0     0.9245     0.1718     1.4803     0.0504     0.1328     0.0496
   6.0  66.0     1.5498     0.4054     1.6894     0.4591     0.1887     0.0585
   6.0  76.0     0.3570     0.0339     0.3510     0.0350     0.0359     0.0090
   6.0  82.0     0.5969     0.0543     0.7593     0.0789     0.0469     0.0096
   8.0  -4.0     0.3875     0.0500     0.2478     0.0708     0.0501     0.0217
   8.0  -2.0     0.3675     0.0354     0.3761     0.0172     0.0355     0.0089
   8.0   2.0     0.2948     0.0717     0.1573     0.0160     0.0385     0.0111
   8.0  42.0     0.8764     0.1886     0.7522     0.1111     0.1020     0.0258
   8.0  46.0     0.4161     0.0520     0.4734     0.2017     0.0464     0.0185
   8.0  50.0     0.3873     0.0487     0.4430     0.0869     0.0386     0.0089
   8.0  52.0     0.3609     0.0615     0.1745     0.0189     0.0395     0.0110
   8.0  54.0     0.6381     0.0623     0.7033     0.0681     0.1324     0.0155
   8.0  56.0     0.8793     0.1198     0.6465     0.0989     0.1910     0.0339
   8.0  66.0     1.2111     0.2090     1.3560     0.3079     0.1677     0.0202
  10.0  -6.0     0.5395     0.0827     0.6621     0.2888     0.0626     0.0191
  10.0  -2.0     0.3472     0.0586     0.1579     0.0130     0.0370     0.0113
  10.0   0.0     0.2567     0.0347     0.2538     0.0991     0.0365     0.0116
  10.0   4.0     0.4546     0.0361     0.2413     0.0174     0.0527     0.0180
  10.0  60.0     0.7039     0.0566     0.7634     0.0722     0.1266     0.0200
  10.0  72.0     1.3773     0.6784     1.2334     0.7063     0.0811     0.0144
  12.0  -6.0     0.4484     0.0685     0.2621     0.0259     0.0820     0.0287
  12.0   4.0     0.5428     0.0645     0.8275     0.0977     0.0519     0.0132
  12.0  56.0     0.6032     0.0696     0.6675     0.0562     0.1340     0.0219
  12.0  58.0     0.8991     0.1913     0.9610     0.4077     0.1065     0.0269
  12.0  60.0     0.9106     0.1865     0.6238     0.0671     0.1241     0.0269
  12.0  64.0     0.9142     0.0444     1.2185     0.0756     0.0589     0.0136
  12.0  66.0     1.4770     0.9269     1.1634     0.8950     0.0682     0.0226
  14.0   6.0     0.7028     0.0775     1.2117     0.1575     0.0738     0.0217
  14.0  46.0     1.1966     0.2745     1.6193     0.2013     0.1835     0.0252
  14.0  52.0     0.6216     0.0875     0.7694     0.1122     0.1248     0.0220
  14.0  58.0     1.0914     0.1058     1.4654     0.1264     0.0805     0.0197
  14.0  64.0     0.7684     0.2148     0.7557     0.4130     0.0764     0.0331
  14.0  66.0     1.1252     0.2682     0.8488     0.4825     0.0906     0.0542
  14.0  76.0     0.4459     0.0767     0.2659     0.0809     0.0311     0.0088
  16.0  56.0     0.5243     0.0719     0.5576     0.0399     0.1236     0.0093
  16.0  58.0     0.6480     0.0760     0.7135     0.0354     0.1204     0.0167
  16.0  60.0     0.4811     0.1315     0.2748     0.0918     0.0427     0.0138
  18.0   2.0     0.8735     0.1158     0.4038     0.0323     0.1225     0.0395
  18.0  56.0     0.3774     0.0518     0.2232     0.0281     0.0449     0.0085
  18.0  58.0     0.6991     0.1529     0.2102     0.0270     0.0349     0.0075
  18.0  60.0     0.5416     0.0192     0.1983     0.0258     0.0336     0.0008
  18.0  70.0     8.2429     3.1238     9.1259     3.6974     0.0960     0.0162
  20.0  46.0     0.9246     0.1096     0.6591     0.1570     0.0756     0.0021
  20.0  54.0     0.7142     0.0937     0.7606     0.0816     0.1473     0.0315
  20.0  60.0     0.4706     0.1565     0.4998     0.1852     0.0835     0.0517
  20.0  66.0     0.9626     0.3187     0.8219     0.3661     0.0640     0.0265
  20.0  70.0     2.9966     1.6999     2.9623     1.7016     0.0862     0.0166
  20.0  74.0     1.0679     0.3836     1.0463     0.1183     0.0700     0.0176
  20.0  76.0     0.5650     0.0609     0.6255     0.0365     0.0401     0.0092
  22.0  -4.0     1.0795     0.2412     1.4286     0.1503     0.2476     0.0982
  22.0  58.0     1.5043     0.3777     1.2013     0.3156     0.1042     0.0590
  22.0  60.0     1.2496     0.2588     0.8895     0.1991     0.1176     0.0193
  22.0  64.0     1.1818     0.1471     1.0299     0.1310     0.1946     0.0402
  22.0  68.0     4.4160     3.4026     3.8251     3.2194     0.0911     0.0182
  22.0  74.0     0.9036     0.3095     0.8419     0.1455     0.0557     0.0194
  22.0  76.0     0.5975     0.0871     0.4460     0.1340     0.0366     0.0113
  24.0  54.0     0.4751     0.0821     0.5800     0.2488     0.0480     0.0162
  24.0  58.0     0.4526     0.1737     0.2572     0.1500     0.0302     0.0049
  24.0  64.0     1.3907     0.1273     1.2812     0.0319     0.2097     0.0302
  24.0  66.0     0.9021     0.1929     0.7446     0.2106     0.0414     0.0068
  24.0  70.0     3.9672     2.0206     5.9093     1.3828     0.0981     0.0103
  24.0  76.0     0.6866     0.0919     0.7661     0.1089     0.0417     0.0126
  26.0  -6.0     0.9915     0.1545     0.5388     0.0689     0.1058     0.0471
  26.0   2.0     0.6659     0.0687     1.3585     0.1144     0.0734     0.0381
  26.0  52.0     0.8854     0.0431     0.7886     0.0676     0.1538     0.0215
  26.0  58.0     0.3684     0.0523     0.3722     0.0373     0.0365     0.0073
  26.0  60.0     0.4289     0.0957     0.1838     0.0201     0.0278     0.0076
  26.0  66.0     0.5463     0.0720     0.3680     0.1005     0.0629     0.0096
  28.0  -6.0     1.7715     0.5999     2.5724     1.2521     0.2585     0.0988
  28.0  52.0     1.0462     0.0559     0.7389     0.0397     0.1613     0.0354
  28.0  58.0     0.3990     0.1649     0.4272     0.0673     0.0327     0.0065
  28.0  60.0     0.6740     0.5579     0.5691     0.6194     0.0924     0.0996
  28.0  66.0     1.5205     0.2821     1.5548     0.3051     0.1791     0.0402
  28.0  68.0     2.9759     1.0788     2.9979     1.1904     0.0798     0.0049
  28.0  80.0     0.7023     0.0846     0.5718     0.0579     0.0393     0.0077
  30.0  -8.0     0.7444     0.0869     0.9896     0.1351     0.0665     0.0473
  30.0  -2.0     0.3376     0.0624     0.2621     0.0167     0.0226     0.0320
  30.0   0.0     0.3530     0.0860     0.2869     0.0338     0.1115     0.0414
  30.0   4.0     0.8035     0.1236     0.8297     0.0774     0.1023     0.0376
  30.0  54.0     0.6978     0.1095     0.6782     0.0587     0.1543     0.0316
  30.0  60.0     1.4568     0.3113     1.8655     0.4998     0.2195     0.0732
  30.0  62.0     1.2827     0.1672     1.4399     0.1812     0.1546     0.0268
  30.0  68.0     4.0154     2.2899     4.2142     2.4782     0.0846     0.0080
  30.0  80.0     0.5347     0.0386     0.3340     0.0411     0.0333     0.0095
  30.0  82.0     0.5396     0.1063     0.3279     0.0522     0.0362     0.0019
  32.0  -6.0     0.4350     0.0438     0.3118     0.0471     0.0633     0.0498
  32.0  54.0     0.8714     0.0803     0.7002     0.0526     0.1413     0.0228
  32.0  62.0     0.9254     0.1282     0.8943     0.1007     0.0704     0.0608
  32.0  70.0     1.6469     0.5942     1.4555     0.5446     0.0928     0.0233
  32.0  72.0     1.3131     0.2180     1.0443     0.2616     0.0970     0.0229
  32.0  80.0     0.4955     0.0633     0.2881     0.0240     0.0411     0.0059
  34.0   0.0     0.5991     0.1353     0.4083     0.1131     0.1001     0.0472
  34.0   6.0     0.9941     0.1006     0.9918     0.1681     0.1097     0.0279
  34.0  54.0     0.6719     0.0635     0.3518     0.0394     0.0619     0.0164
  34.0  62.0     1.0841     0.1546     0.9753     0.1229     0.1514     0.0243
  34.0  64.0     1.2290     0.2006     0.8110     0.2599     0.0901     0.0220
  34.0  68.0     3.5293     1.8958     3.6554     2.0523     0.0935     0.0280
  36.0  -8.0     1.6049     0.5818     1.9588     1.6404     0.2173     0.0676
  36.0  12.0     0.5326     0.0815     0.4115     0.0361     0.0564     0.0214
  36.0  14.0     0.5421     0.0127     0.4812     0.0787     0.0454     0.0221
  36.0  18.0     0.7924     0.1097     1.4972     0.1527     0.0757     0.0180
  36.0  54.0     0.6567     0.0630     0.3637     0.0274     0.0589     0.0160
  38.0 -10.0     0.8302     0.1061     0.4411     0.0677     0.1133     0.0234
  38.0  -4.0     0.4495     0.0817     0.2163     0.0354     0.0641     0.0147
  38.0   0.0     0.9244     0.0736     1.7605     0.2722     0.0789     0.0359
  38.0   2.0     0.7176     0.0906     0.3459     0.0450     0.1188     0.0352
  38.0   6.0     0.6343     0.0861     1.0361     0.1009     0.0552     0.0188
  38.0  18.0     0.7506     0.1292     1.2670     0.3082     0.0662     0.0067
  38.0  60.0     0.8163     0.0853     0.4867     0.0844     0.0582     0.0088
  38.0  68.0     1.9186     0.7121     1.5810     0.7824     0.1206     0.0257
  40.0 -18.0     0.9133     0.1249     0.6547     0.0449     0.1173     0.0212
  40.0  -8.0     0.4989     0.0660     0.2308     0.0421     0.0795     0.0270
  40.0   0.0     1.0233     0.2043     1.2455     0.4144     0.1156     0.0591
  40.0   8.0     0.3791     0.0934     0.1788     0.0133     0.0408     0.0104
  40.0  10.0     0.2791     0.0761     0.2363     0.1066     0.0330     0.0070
  40.0  14.0     0.3714     0.0664     0.1874     0.0223     0.0421     0.0115
  40.0  54.0     1.0101     0.0175     1.5427     0.1513     0.0857     0.0082
  40.0  68.0     2.2942     1.2462     1.7126     1.3771     0.1438     0.0761
  40.0  84.0     0.9723     0.0576     0.9248     0.0158     0.0814     0.0115
  42.0 -18.0     0.7740     0.1003     0.7191     0.0884     0.1111     0.0171
  42.0 -14.0     0.6524     0.0786     0.6130     0.0659     0.0959     0.0193
  42.0  -4.0     1.7637     0.2826     1.1043     0.1188     0.1679     0.0345
  42.0  -2.0     0.4971     0.0734     0.2333     0.0270     0.0766     0.0243
  42.0   4.0     0.6160     0.1605     0.3027     0.0821     0.0968     0.0405
  42.0   6.0     0.4106     0.0923     0.2208     0.0090     0.0569     0.0238
  42.0  12.0     0.3528     0.0247     0.4409     0.0553     0.0293     0.0034
  42.0  72.0     2.9349     2.7637     2.9563     3.1419     0.1206     0.0248
  42.0  84.0     0.7954     0.0543     1.0767     0.1896     0.1108     0.0160
  44.0 -18.0     0.7371     0.0570     0.7010     0.0020     0.1052     0.0225
  44.0 -16.0     0.6220     0.0679     0.6219     0.0346     0.1044     0.0137
  44.0 -12.0     0.6045     0.0825     0.6685     0.0586     0.0874     0.0143
  44.0  10.0     0.3616     0.0489     0.3600     0.2295     0.0346     0.0085
  44.0  12.0     0.3230     0.0355     0.4970     0.0541     0.0314     0.0093
  44.0  14.0     0.4107     0.0810     0.1864     0.0277     0.0444     0.0096
  44.0  62.0     1.8603     0.3719     1.3800     0.4985     0.1747     0.0369
  44.0  72.0     0.6834     0.0499     0.5943     0.0779     0.1402     0.0407
  44.0  78.0     0.8834     0.1398     0.4870     0.0410     0.0430     0.0176
  44.0  84.0     0.9443     0.0522     1.1449     0.1220     0.1247     0.0320
  46.0 -12.0     0.9031     0.1399     0.8185     0.1143     0.1340     0.0408
  46.0  -6.0     0.6550     0.0728     0.3824     0.0548     0.1092     0.0379
  46.0  62.0     2.1446     0.5359     1.6332     0.5096     0.2647     0.0343
  46.0  70.0     3.1656     0.9081     2.6497     0.6682     0.1598     0.0226
  46.0  78.0     0.9076     0.0980     0.5833     0.0646     0.0565     0.0137
  46.0  84.0     1.1025     0.1892     1.1975     0.0699     0.1373     0.0553
  48.0 -14.0     0.9918     0.0727     1.2423     0.1623     0.1779     0.0342
  48.0 -12.0     1.0151     0.1103     0.6662     0.0649     0.0804     0.0310
  48.0 -10.0     0.8316     0.0916     1.4798     0.1298     0.0798     0.0188
  48.0   8.0     0.5616     0.1472     0.4760     0.0735     0.0713     0.0381
  48.0  68.0     5.1653     3.2072     5.3549     3.7123     0.1929     0.0656
  48.0  84.0     1.1340     0.0585     1.3466     0.1764     0.1502     0.0122
  50.0 -14.0     1.2723     0.0141     1.3676     0.2167     0.1326     0.0254
  50.0 -10.0     0.8727     0.1339     1.3016     0.1333     0.0768     0.0419
  50.0  -8.0     0.6910     0.0301     1.1871     0.1368     0.0708     0.0465
  50.0   2.0     1.2274     0.3087     0.6884     0.0212     0.0960     0.0231
  52.0 -12.0     0.8371     0.0957     1.1412     0.3557     0.0704     0.0351
  52.0  -6.0     0.4378     0.0623     0.2598     0.0279     0.0398     0.0098
  52.0  -4.0     0.3693     0.0640     0.4011     0.1573     0.0371     0.0065
  52.0   2.0     0.9777     0.1268     0.6492     0.0559     0.0900     0.0275
  52.0  16.0     0.8830     0.1294     0.5608     0.0690     0.1094     0.0234
  54.0  -8.0     0.3851     0.0519     0.2323     0.0276     0.0620     0.0203
  54.0  -2.0     0.6487     0.0947     0.9893     0.1555     0.0481     0.0137
  54.0  76.0     1.7062     0.0626     2.8653     0.0184     0.1190     0.0229
  56.0  -4.0     0.3612     0.0408     0.3503     0.1838     0.0350     0.0076
  56.0  -2.0     0.5992     0.0331     0.9264     0.0672     0.0418     0.0068
  56.0   2.0     0.8589     0.1518     0.5750     0.0558     0.1124     0.0479
  56.0  76.0     1.8100     0.2234     3.1295     0.3894     0.1508     0.0580
  58.0 -12.0     0.9226     0.0932     1.5664     0.1533     0.0553     0.0141
  58.0  -6.0     0.5054     0.0787     0.3425     0.0419     0.0500     0.0143
  58.0  76.0     2.1776     0.2712     3.5907     0.6877     0.1864     0.0650
  60.0 -68.0     2.0303     1.3201     2.1364     1.2656     0.0621     0.0289
  60.0 -46.0     1.0745     0.1243     1.2386     0.2054     0.0880     0.0181
  60.0 -10.0     0.8582     0.1358     1.4639     0.1614     0.0694     0.0128
  62.0 -70.0     0.5154     0.0437     0.2778     0.0248     0.0418     0.0081
  62.0 -52.0     1.0373     0.1200     0.7362     0.1150     0.1087     0.0217
  64.0 -70.0     0.6180     0.1023     0.4044     0.0696     0.0519     0.0121
  64.0 -10.0     1.0219     0.1296     2.0197     0.1857     0.1249     0.0294
  66.0 -74.0     0.4162     0.0324     0.6158     0.0440     0.0430     0.0156
  66.0 -52.0     0.8343     0.1085     0.7930     0.0607     0.0766     0.0058
  66.0 -50.0     0.7558     0.0460     0.7235     0.0888     0.1051     0.0237
  68.0 -74.0     0.4884     0.0921     0.6375     0.1033     0.0494     0.0090
  68.0 -50.0     1.7882     0.9344     1.8593     1.0280     0.1285     0.0323
  70.0 -76.0     0.6629     0.0947     0.3556     0.0442     0.0735     0.0265
  70.0 -70.0     0.3378     0.1071     0.2950     0.1229     0.0407     0.0082
  70.0 -42.0     0.9057     0.1373     0.6390     0.1160     0.1324     0.0343
  70.0 -40.0     1.0507     0.0432     0.6084     0.0394     0.1092     0.0078
  72.0 -68.0     0.3137     0.0480     0.1654     0.0198     0.0405     0.0086
  72.0 -48.0     0.8813     0.2008     0.9137     0.2156     0.0879     0.0135
  72.0 -46.0     0.8837     0.0043     0.8425     0.1398     0.0781     0.0124
  76.0 -48.0     1.0861     0.0990     1.1021     0.0675     0.0915     0.0173
  78.0 -68.0     0.2948     0.0385     0.3448     0.0374     0.0385     0.0122
  80.0 -48.0     1.9520     0.4028     2.1643     0.5998     0.1593     0.0472
  82.0 -66.0     0.2907     0.0319     0.4574     0.0503     0.0425     0.0148
  82.0 -64.0     0.3513     0.0501     0.2918     0.0410     0.0860     0.0316
  82.0 -62.0     0.5159     0.1119     0.4007     0.0709     0.0552     0.0178
  86.0 -80.0     0.5645     0.0614     0.3328     0.0435     0.1010     0.0579
  86.0 -70.0     0.6090     0.0609     0.5477     0.0633     0.0422     0.0078
  86.0 -66.0     0.3951     0.0185     0.2122     0.0151     0.0495     0.0200
  88.0 -72.0     1.2057     0.1926     1.1777     0.2079     0.1672     0.0409
  88.0 -66.0     0.3958     0.0226     0.2420     0.0353     0.0548     0.0109
  90.0 -72.0     1.2406     0.1149     1.0807     0.1219     0.1821     0.0498
  92.0 -72.0     1.1100     0.2018     0.7446     0.0115     0.0476     0.0074
  92.0 -66.0     0.6488     0.0592     1.2057     0.1550     0.0746     0.0269
  94.0 -72.0     0.7899     0.0983     0.5920     0.1220     0.0557     0.0082
  94.0 -64.0     0.8622     0.1122     0.6127     0.1278     0.2503     0.1154
  94.0 -62.0     0.6800     0.1414     0.5699     0.1196     0.1451     0.0092
  96.0 -62.0     0.8873     0.1210     0.8780     0.1269     0.1870     0.0409
  96.0  -8.0     1.4637     0.3990     0.8555     0.0650     0.0575     0.0112
  96.0  -6.0     1.4381     0.2380     1.1095     0.2461     0.0889     0.0424
  98.0 -78.0     0.6902     0.0805     0.3695     0.0355     0.0916     0.0169
 100.0 -78.0     0.5848     0.0390     0.4178     0.1130     0.1044     0.0409
 100.0 -68.0     1.0949     0.2096     1.0493     0.1466     0.1133     0.0213
 100.0 -66.0     0.8261     0.1518     0.8422     0.1100     0.0830     0.0132
 100.0   2.0     0.7657     0.0800     0.5613     0.0541     0.0597     0.0132
 100.0   8.0     1.2426     0.2272     0.8099     0.0821     0.0735     0.0143
 102.0   0.0     0.7071     0.1164     0.6534     0.0575     0.0756     0.0244
 104.0 -68.0     0.9098     0.1103     0.5518     0.0839     0.1085     0.0070
 104.0 -60.0     0.6671     0.1117     0.8991     0.0195     0.0797     0.0031
 104.0  -2.0     0.6463     0.0833     0.6325     0.0335     0.0903     0.0214
 104.0   0.0     0.8085     0.1714     0.6425     0.0644     0.0935     0.0230
 104.0   4.0     0.6685     0.1034     0.5694     0.0418     0.0759     0.0158
 106.0 -62.0     0.6481     0.1541     1.1071     0.1855     0.0991     0.0099
 106.0   8.0     1.0155     0.1778     0.7658     0.0481     0.1191     0.0239
 108.0   8.0     1.3187     0.0847     0.7448     0.1331     0.1431     0.0274
 110.0 -74.0     0.7508     0.0761     0.7514     0.1288     0.1793     0.0091
 110.0  -4.0     0.9751     0.0997     0.7500     0.0830     0.1094     0.0226
 110.0  20.0     1.0875     0.1283     2.0438     0.1111     0.0812     0.0178
 112.0 -74.0     0.7287     0.1430     0.7102     0.1295     0.1094     0.0243
 112.0 -64.0     0.5090     0.0643     0.6141     0.0661     0.0695     0.0105
 114.0 -62.0     0.8548     0.1057     0.9734     0.0966     0.0740     0.0232
 114.0 -60.0     0.8733     0.1625     1.1985     0.0897     0.0672     0.0030
 114.0 -26.0     1.1476     0.0513     0.7145     0.0479     0.0783     0.0037
 114.0  18.0     0.7404     0.1075     1.2816     0.2428     0.0713     0.0179
 116.0 -36.0     0.6510     0.0727     0.6442     0.0664     0.1046     0.0239
 116.0  12.0     0.4889     0.0638     0.7748     0.0359     0.0503     0.0185
 116.0  14.0     0.5708     0.1625     0.3916     0.1772     0.0628     0.0182
 116.0  18.0     0.6878     0.0045     0.3300     0.0433     0.0435     0.0016
 116.0  20.0     0.9149     0.1642     0.3463     0.0363     0.0645     0.0156
 118.0  10.0     0.4616     0.0703     0.6576     0.2475     0.0956     0.0328
 118.0  12.0     0.4709     0.0817     0.2471     0.0300     0.0812     0.0211
 120.0 -68.0     0.6386     0.1266     0.8039     0.1106     0.0972     0.0138
 120.0 -64.0     0.5169     0.1214     0.5464     0.0218     0.0834     0.0123
 120.0  10.0     0.4598     0.1229     0.5080     0.3104     0.0433     0.0122
 120.0  12.0     0.5524     0.1613     0.1739     0.0159     0.0507     0.0171
 120.0  14.0     0.4099     0.0273     0.1719     0.0155     0.0483     0.0101
 120.0  16.0     0.5497     0.1689     0.4954     0.2596     0.0550     0.0203
 122.0 -64.0     0.4863     0.0470     0.5383     0.0251     0.0816     0.0227
 122.0 -32.0     0.6067     0.0766     0.6805     0.0641     0.0430     0.0103
 122.0 -10.0     0.9293     0.1017     0.4121     0.0493     0.1424     0.0499
 122.0  12.0     0.4048     0.1902     0.4782     0.0514     0.0416     0.0121
 122.0  14.0     0.5683     0.0732     0.8354     0.0922     0.0615     0.0110
 122.0  16.0     0.5587     0.1080     0.2978     0.0435     0.0799     0.0094
 122.0  18.0     0.5226     0.0784     0.2773     0.0666     0.0821     0.0204
 124.0 -32.0     0.5286     0.0563     0.6118     0.0691     0.0624     0.0280
 124.0 -12.0     0.7140     0.0604     1.0948     0.0845     0.0820     0.0169
 124.0   8.0     0.6610     0.1085     0.3740     0.0357     0.1006     0.0177
 124.0  10.0     0.7209     0.1394     0.3635     0.0394     0.1632     0.0576
 124.0  16.0     0.9806     0.0859     0.5202     0.0626     0.1291     0.0331
 126.0 -70.0     0.8542     0.1150     0.8623     0.1069     0.0997     0.0135
 126.0 -32.0     0.7324     0.1523     0.6547     0.0535     0.0436     0.0216
 126.0 -14.0     0.3260     0.0566     0.1965     0.0194     0.0605     0.0201
 126.0  16.0     0.7647     0.0624     1.2491     0.1614     0.0800     0.0160
 128.0 -74.0     0.9725     0.1599     0.8992     0.0522     0.1522     0.0413
 128.0 -72.0     0.9091     0.0288     0.9047     0.0434     0.1128     0.0064
 128.0 -70.0     0.8985     0.1247     0.9339     0.0711     0.1335     0.0397
 128.0 -32.0     0.5635     0.0478     0.5754     0.0435     0.1012     0.0191
 128.0 -18.0     0.4710     0.0668     0.7148     0.0813     0.0548     0.0188
 128.0 -16.0     0.3282     0.0271     0.4081     0.0291     0.0527     0.0228
 128.0 -14.0     0.3468     0.0269     0.2144     0.0353     0.0722     0.0242
 128.0  -8.0     0.7862     0.1600     0.5493     0.1997     0.1983     0.0735
 130.0 -74.0     0.9908     0.1264     0.9470     0.1125     0.1422     0.0512
 130.0 -72.0     1.0090     0.2300     0.9616     0.0979     0.0955     0.0004
 130.0 -36.0     0.5869     0.1229     0.7316     0.0749     0.0809     0.0112
 130.0 -34.0     0.5596     0.0603     0.7293     0.0800     0.0973     0.0191
 130.0 -14.0     0.4567     0.1488     0.2631     0.1828     0.0417     0.0127
 130.0  14.0     1.5580     0.7957     1.2623     0.8242     0.1775     0.0769
 132.0 -80.0     0.9824     0.1704     1.4852     0.1696     0.1698     0.0193
 132.0 -30.0     0.6915     0.0738     0.8631     0.1154     0.0861     0.0263
 132.0 -18.0     0.6169     0.0628     0.7176     0.1035     0.0596     0.0240
 132.0 -14.0     0.3977     0.0620     0.1422     0.0177     0.0430     0.0113
 132.0 -12.0     0.4645     0.1584     0.5610     0.2142     0.0508     0.0200
 132.0 -10.0     0.6027     0.0946     0.8736     0.0240     0.0636     0.0090
 132.0  -4.0     2.5578     0.3831     1.8415     0.5199     0.4224     0.0593
 134.0 -80.0     1.1741     0.1561     1.4421     0.1401     0.1839     0.0201
 134.0 -30.0     0.5323     0.0665     0.5873     0.0405     0.0704     0.0160
 134.0 -18.0     0.6303     0.0661     0.4509     0.0448     0.0907     0.0540
 136.0 -82.0     1.0660     0.0294     1.1344     0.2099     0.1318     0.0098
 136.0 -30.0     0.7387     0.1313     0.7829     0.2007     0.0625     0.0204
 136.0  -6.0     3.6474     0.3799     5.1854     1.0749     0.5927     0.1070
 136.0  -4.0     2.3842     0.2748     3.1473     0.4488     0.3510     0.0468
 138.0 -32.0     0.5869     0.0812     0.5685     0.1650     0.0824     0.0203
 138.0 -30.0     0.5907     0.0645     0.6099     0.0439     0.0794     0.0482
 138.0 -10.0     1.9105     0.2566     1.5602     0.2814     0.3313     0.0860
 138.0  -8.0     3.0582     0.7363     7.3188     2.6335     0.4835     0.1088
 140.0 -34.0     0.6275     0.0385     0.7377     0.0735     0.1148     0.0340
 140.0 -30.0     0.6277     0.1344     0.6322     0.0685     0.0624     0.0218
 140.0 -28.0     0.5895     0.1243     0.6175     0.0337     0.0576     0.0030
 142.0 -52.0     1.4841     0.3184     1.4948     0.2395     0.1397     0.0292
 142.0 -30.0     0.5497     0.0693     0.6238     0.0713     0.1154     0.0299
 144.0 -32.0     0.5703     0.0647     0.6767     0.0793     0.0658     0.0259
 146.0 -74.0     1.3686     0.3762     1.6296     0.1785     0.4136     0.0811
 146.0 -72.0     1.3514     0.1198     1.5520     0.2547     0.3508     0.0597
 146.0 -38.0     1.0063     0.0544     1.2743     0.1362     0.1518     0.0471
 146.0 -26.0     1.3635     0.2246     1.6743     1.1106     0.0899     0.0241
 146.0 -24.0     1.4764     0.1004     1.6111     0.1462     0.1250     0.0251
 148.0 -74.0     1.2000     0.0864     1.6130     0.1776     0.2552     0.0268
 148.0 -26.0     1.2245     0.0819     0.9760     0.0907     0.0754     0.0096
 148.0 -24.0     1.2620     0.2408     1.0378     0.0751     0.0853     0.0172
 150.0 -82.0     0.7818     0.2244     0.7852     0.0731     0.1322     0.0210
 150.0 -36.0     0.9987     0.1329     1.0393     0.2416     0.0930     0.0380
 152.0 -56.0     0.6599     0.1512     0.7069     0.1541     0.0354     0.0075
 152.0 -54.0     0.6219     0.1844     0.5786     0.1166     0.0617     0.0394
 152.0 -52.0     0.8682     0.2903     0.4877     0.1113     0.0524     0.0122
 152.0 -36.0     0.9996     0.1657     0.8170     0.0658     0.1019     0.0561
 154.0 -52.0     0.5938     0.1320     0.7291     0.0693     0.0396     0.0143
 156.0 -50.0     0.5579     0.0441     0.8272     0.1018     0.0440     0.0123
 156.0 -48.0     0.6368     0.0420     0.9287     0.0854     0.0554     0.0057
 158.0 -56.0     0.6462     0.1320     0.4986     0.1153     0.0307     0.0061
 158.0 -54.0     0.2906     0.0177     0.1851     0.0127     0.0282     0.0040
 158.0 -52.0     0.3001     0.0470     0.1941     0.0187     0.0410     0.0124
 160.0 -54.0     0.5297     0.2511     0.4373     0.2264     0.0414     0.0132
 162.0 -46.0     0.4161     0.0315     0.6850     0.0827     0.0685     0.0239
 164.0 -72.0     1.2747     0.4207     1.8608     0.8688     0.1987     0.0662
 164.0 -56.0     0.5454     0.1333     0.3920     0.1040     0.0504     0.0144
 164.0 -50.0     0.4836     0.0454     0.7624     0.0710     0.0477     0.0121
 164.0 -46.0     0.3570     0.0542     0.2368     0.0195     0.0730     0.0283
 164.0 -44.0     0.6819     0.1985     0.3710     0.1222     0.0660     0.0239
 166.0 -66.0     1.2782     0.1524     1.9135     0.2293     0.0784     0.0363
 166.0 -56.0     1.1964     0.0944     1.2505     0.1283     0.0705     0.0277
 166.0 -46.0     0.5217     0.0575     0.6754     0.0864     0.0475     0.0086
 166.0 -44.0     0.5734     0.0647     0.8310     0.0242     0.0416     0.0027
 166.0 -42.0     0.4774     0.0650     0.7500     0.0741     0.0518     0.0113
 166.0 -38.0     1.1571     0.2006     1.9521     0.3715     0.0857     0.0322
 166.0 -36.0     2.0814     0.1970     3.1782     0.1076     0.0834     0.0181
 168.0 -62.0     0.8044     0.1514     0.5027     0.1126     0.0720     0.0371
 168.0 -58.0     0.6879     0.1394     0.6097     0.2558     0.0575     0.0210
 168.0 -56.0     0.9401     0.3162     1.1344     0.3818     0.0587     0.0158
 168.0 -48.0     0.4791     0.0583     0.3483     0.0268     0.0362     0.0050
 168.0 -46.0     0.2904     0.0257     0.1507     0.0196     0.0345     0.0045
 168.0 -44.0     0.2886     0.0220     0.1600     0.0076     0.0401     0.0063
 170.0 -48.0     0.6058     0.1851     0.3197     0.0706     0.0728     0.0778
 170.0 -46.0     0.2175     0.0286     0.1585     0.0095     0.0390     0.0082
 172.0 -40.0     0.7862     0.0204     0.4449     0.0087     0.0854     0.0028
 172.0 -38.0     0.8717     0.1337     0.4446     0.0984     0.0881     0.0209
 174.0 -48.0     0.3275     0.0361     0.1673     0.0119     0.0400     0.0073
 174.0 -38.0     0.8007     0.0730     0.4583     0.0537     0.0972     0.0463
 176.0 -50.0     0.5280     0.0072     0.2767     0.0227     0.0533     0.0099
 176.0 -48.0     0.7176     0.2685     0.7762     0.3615     0.0485     0.0090
 176.0 -42.0     0.5124     0.0497     0.2785     0.0339     0.0708     0.0152